1.40e-08 1.40e-08 1.00e-09 -6.92000312e-01 4.96683189e+19 1.67717016e+16 -1.19045589e-11 -1.84018388e+01 4.00000000e+27 2.00000000e-01 5.00000000e-12
1.40e-08 1.40e-08 2.00e-09 -6.39000924e-01 6.62738986e+18 3.35434103e+16 -7.83563491e-12 -1.84018388e+01 4.00000000e+27 2.00000000e-01 5.00000000e-12
1.40e-08 1.40e-08 3.00e-09 -5.86001575e-01 1.22381762e+18 5.03151119e+16 -9.90474662e-13 -1.84018388e+01 4.00000000e+27 2.00000000e-01 5.00000000e-12
1.40e-08 1.40e-08 4.00e-09 -5.33002233e-01 5.32595294e+17 6.70868125e+16 1.33947331e-12 -1.84018388e+01 4.00000000e+27 2.00000000e-01 5.00000000e-12
1.40e-08 1.40e-08 5.00e-09 -4.80002894e-01 4.31379461e+17 8.38585137e+16 -2.19594655e-13 -1.84018388e+01 4.00000000e+27 2.00000000e-01 5.00000000e-12
1.40e-08 1.40e-08 6.00e-09 -4.27003558e-01 4.04035003e+17 1.00630216e+17 1.34677510e-13 -1.84018388e+01 4.00000000e+27 2.00000000e-01 5.00000000e-12
1.40e-08 1.40e-08 7.00e-09 -3.74004223e-01 3.85939560e+17 1.17401918e+17 9.77088042e-13 -1.84018388e+01 4.00000000e+27 2.00000000e-01 5.00000000e-12
1.40e-08 1.40e-08 8.00e-09 -3.21004889e-01 3.69002133e+17 1.34173622e+17 3.78611475e-13 -1.84018388e+01 4.00000000e+27 2.00000000e-01 5.00000000e-12
1.40e-08 1.40e-08 9.00e-09 -2.68005558e-01 3.52209692e+17 1.50945325e+17 4.92194917e-13 -1.84018388e+01 4.00000000e+27 2.00000000e-01 5.00000000e-12
1.40e-08 1.40e-08 1.00e-08 -2.15006227e-01 3.35435402e+17 1.67717029e+17 6.97726861e-13 -1.84018388e+01 4.00000000e+27 2.00000000e-01 5.00000000e-12
1.40e-08 1.40e-08 1.10e-08 -1.62006897e-01 3.18663382e+17 1.84488732e+17 5.38169168e-13 -1.84018388e+01 4.00000000e+27 2.00000000e-01 5.00000000e-12
1.40e-08 1.40e-08 1.20e-08 -1.09007568e-01 3.01891646e+17 2.01260435e+17 5.97124383e-13 -1.84018388e+01 4.00000000e+27 2.00000000e-01 5.00000000e-12
1.40e-08 1.40e-08 1.30e-08 -5.60082403e-02 2.85119944e+17 2.18032138e+17 6.14973210e-13 -1.84018388e+01 4.00000000e+27 2.00000000e-01 5.00000000e-12
1.40e-08 1.40e-08 1.40e-08 -3.00891245e-03 2.68348244e+17 2.34803840e+17 5.87929533e-13 -1.84018388e+01 4.00000000e+27 2.00000000e-01 5.00000000e-12
1.40e-08 1.40e-08 1.50e-08 4.99904152e-02 2.51576544e+17 2.51575541e+17 6.46343875e-13 -1.84018388e+01 4.00000000e+27 2.00000000e-01 5.00000000e-12
1.40e-08 1.40e-08 1.60e-08 1.02989743e-01 2.34804843e+17 2.68347246e+17 5.92797395e-13 -1.84018388e+01 4.00000000e+27 2.00000000e-01 5.00000000e-12
1.40e-08 1.40e-08 1.70e-08 1.55989071e-01 2.18033141e+17 2.85118976e+17 6.80418908e-13 -1.84018388e+01 4.00000000e+27 2.00000000e-01 5.00000000e-12
1.40e-08 1.40e-08 1.80e-08 2.08988399e-01 2.01261438e+17 3.01890931e+17 7.03676470e-13 -1.84018388e+01 4.00000000e+27 2.00000000e-01 5.00000000e-12
1.40e-08 1.40e-08 1.90e-08 2.61987728e-01 1.84489735e+17 3.18664681e+17 2.42311344e-13 -1.84018388e+01 4.00000000e+27 2.00000000e-01 5.00000000e-12
1.40e-08 1.40e-08 2.00e-08 3.14987057e-01 1.67718032e+17 3.35452786e+17 1.25915359e-12 -1.84018388e+01 4.00000000e+27 2.00000000e-01 5.00000000e-12
1.40e-08 1.40e-08 2.10e-08 3.67986388e-01 1.50946328e+17 3.52355551e+17 4.34862322e-13 -1.84018388e+01 4.00000000e+27 2.00000000e-01 5.00000000e-12
1.40e-08 1.40e-08 2.20e-08 4.20985720e-01 1.34174625e+17 3.70174109e+17 -1.08391056e-12 -1.84018388e+01 4.00000000e+27 2.00000000e-01 5.00000000e-12
1.40e-08 1.40e-08 2.30e-08 4.73985053e-01 1.17402922e+17 3.95307072e+17 3.63521103e-12 -1.84018388e+01 4.00000000e+27 2.00000000e-01 5.00000000e-12
1.40e-08 1.40e-08 2.40e-08 5.26984388e-01 1.00631219e+17 4.78859777e+17 3.21819754e-13 -1.84018388e+01 4.00000000e+27 2.00000000e-01 5.00000000e-12
1.40e-08 1.40e-08 2.50e-08 5.79983725e-01 8.38595162e+16 1.02900757e+18 -6.44072206e-12 -1.84018388e+01 4.00000000e+27 2.00000000e-01 5.00000000e-12
1.40e-08 1.40e-08 2.60e-08 6.32983068e-01 6.70878108e+16 5.30582412e+18 -1.95390565e-12 -1.84018388e+01 4.00000000e+27 2.00000000e-01 5.00000000e-12
1.40e-08 1.40e-08 2.70e-08 6.85982443e-01 5.03160853e+16 3.93473809e+19 -7.68325731e-11 -1.84018388e+01 4.00000000e+27 2.00000000e-01 5.00000000e-12
1.40e-08 1.40e-08 2.80e-08 7.38982054e-01 3.35442499e+16 3.11121407e+20 -4.59687877e-10 -1.84018388e+01 4.00000000e+27 2.00000000e-01 5.00000000e-12
1.40e-08 1.40e-08 2.90e-08 7.91983542e-01 1.67719888e+16 2.48185336e+21 -1.94070029e-09 -1.84018388e+01 4.00000000e+27 2.00000000e-01 5.00000000e-12
