1.40e-08 1.40e-08 1.00e-09 -6.87333651e-01 5.03179396e+19 1.68778566e+16 1.24576697e-12 -1.83990762e+01 4.00000000e+27 2.00000000e-01 5.00000000e-12
1.40e-08 1.40e-08 2.00e-09 -6.34667606e-01 6.79337808e+18 3.37557206e+16 2.09845410e-12 -1.83990762e+01 4.00000000e+27 2.00000000e-01 5.00000000e-12
1.40e-08 1.40e-08 3.00e-09 -5.82001602e-01 1.25750435e+18 5.06335773e+16 -1.58746383e-13 -1.83990762e+01 4.00000000e+27 2.00000000e-01 5.00000000e-12
1.40e-08 1.40e-08 4.00e-09 -5.29335605e-01 5.40534772e+17 6.75114329e+16 4.31076208e-13 -1.83990762e+01 4.00000000e+27 2.00000000e-01 5.00000000e-12
1.40e-08 1.40e-08 5.00e-09 -4.76669611e-01 4.34849369e+17 8.43892892e+16 -8.14014671e-14 -1.83990762e+01 4.00000000e+27 2.00000000e-01 5.00000000e-12
1.40e-08 1.40e-08 6.00e-09 -4.24003618e-01 4.06706173e+17 1.01267146e+17 5.95231326e-13 -1.83990762e+01 4.00000000e+27 2.00000000e-01 5.00000000e-12
1.40e-08 1.40e-08 7.00e-09 -3.71337628e-01 3.88399308e+17 1.18145004e+17 6.90965941e-13 -1.83990762e+01 4.00000000e+27 2.00000000e-01 5.00000000e-12
1.40e-08 1.40e-08 8.00e-09 -3.18671640e-01 3.71340192e+17 1.35022862e+17 3.29391983e-13 -1.83990762e+01 4.00000000e+27 2.00000000e-01 5.00000000e-12
1.40e-08 1.40e-08 9.00e-09 -2.66005652e-01 3.54439353e+17 1.51900721e+17 4.71641723e-13 -1.83990762e+01 4.00000000e+27 2.00000000e-01 5.00000000e-12
1.40e-08 1.40e-08 1.00e-08 -2.13339666e-01 3.37558589e+17 1.68778579e+17 5.38169168e-13 -1.83990762e+01 4.00000000e+27 2.00000000e-01 5.00000000e-12
1.40e-08 1.40e-08 1.10e-08 -1.60673681e-01 3.20680371e+17 1.85656438e+17 4.64069493e-13 -1.83990762e+01 4.00000000e+27 2.00000000e-01 5.00000000e-12
1.40e-08 1.40e-08 1.20e-08 -1.08007697e-01 3.03802473e+17 2.02534296e+17 5.42496156e-13 -1.83990762e+01 4.00000000e+27 2.00000000e-01 5.00000000e-12
1.40e-08 1.40e-08 1.30e-08 -5.53417136e-02 2.86924615e+17 2.19412154e+17 4.63528620e-13 -1.83990762e+01 4.00000000e+27 2.00000000e-01 5.00000000e-12
1.40e-08 1.40e-08 1.40e-08 -2.67573043e-03 2.70046760e+17 2.36290011e+17 4.79213952e-13 -1.83990762e+01 4.00000000e+27 2.00000000e-01 5.00000000e-12
1.40e-08 1.40e-08 1.50e-08 4.99902525e-02 2.53168905e+17 2.53167867e+17 5.05716756e-13 -1.83990762e+01 4.00000000e+27 2.00000000e-01 5.00000000e-12
1.40e-08 1.40e-08 1.60e-08 1.02656235e-01 2.36291049e+17 2.70045727e+17 4.34321449e-13 -1.83990762e+01 4.00000000e+27 2.00000000e-01 5.00000000e-12
1.40e-08 1.40e-08 1.70e-08 1.55322219e-01 2.19413192e+17 2.86923619e+17 4.60824252e-13 -1.83990762e+01 4.00000000e+27 2.00000000e-01 5.00000000e-12
1.40e-08 1.40e-08 1.80e-08 2.07988202e-01 2.02535335e+17 3.03801772e+17 6.52834357e-13 -1.83990762e+01 4.00000000e+27 2.00000000e-01 5.00000000e-12
1.40e-08 1.40e-08 1.90e-08 2.60654186e-01 1.85657476e+17 3.20681990e+17 1.67129922e-13 -1.83990762e+01 4.00000000e+27 2.00000000e-01 5.00000000e-12
1.40e-08 1.40e-08 2.00e-08 3.13320171e-01 1.68779618e+17 3.37578505e+17 5.59263236e-13 -1.83990762e+01 4.00000000e+27 2.00000000e-01 5.00000000e-12
1.40e-08 1.40e-08 2.10e-08 3.65986157e-01 1.51901759e+17 3.54603504e+17 8.03738074e-13 -1.83990762e+01 4.00000000e+27 2.00000000e-01 5.00000000e-12
1.40e-08 1.40e-08 2.20e-08 4.18652145e-01 1.35023901e+17 3.72641389e+17 -1.00115691e-12 -1.83990762e+01 4.00000000e+27 2.00000000e-01 5.00000000e-12
1.40e-08 1.40e-08 2.30e-08 4.71318133e-01 1.18146043e+17 3.98664104e+17 1.35326559e-12 -1.83990762e+01 4.00000000e+27 2.00000000e-01 5.00000000e-12
1.40e-08 1.40e-08 2.40e-08 5.23984124e-01 1.01268185e+17 4.87633197e+17 2.03070969e-12 -1.83990762e+01 4.00000000e+27 2.00000000e-01 5.00000000e-12
1.40e-08 1.40e-08 2.50e-08 5.76650116e-01 8.43903272e+16 1.07282388e+18 -5.25972469e-12 -1.83990762e+01 4.00000000e+27 2.00000000e-01 5.00000000e-12
1.40e-08 1.40e-08 2.60e-08 6.29316115e-01 6.75124665e+16 5.56985099e+18 -3.43238346e-12 -1.83990762e+01 4.00000000e+27 2.00000000e-01 5.00000000e-12
1.40e-08 1.40e-08 2.70e-08 6.81982147e-01 5.06345843e+16 4.09048936e+19 -7.62953505e-11 -1.83990762e+01 4.00000000e+27 2.00000000e-01 5.00000000e-12
1.40e-08 1.40e-08 2.80e-08 7.34648425e-01 3.37565869e+16 3.19346942e+20 -4.34212192e-10 -1.83990762e+01 4.00000000e+27 2.00000000e-01 5.00000000e-12
1.40e-08 1.40e-08 2.90e-08 7.87316629e-01 1.68781496e+16 2.51447140e+21 -2.00273361e-09 -1.83990762e+01 4.00000000e+27 2.00000000e-01 5.00000000e-12
