1.40e-08 1.40e-08 1.00e-09 -6.96666973e-01 4.90271212e+19 1.66668737e+16 6.68687361e-11 -1.84045553e+01 4.00000000e+27 2.00000000e-01 5.00000000e-12
1.40e-08 1.40e-08 2.00e-09 -6.43334241e-01 6.46564251e+18 3.33337541e+16 9.76073904e-12 -1.84045553e+01 4.00000000e+27 2.00000000e-01 5.00000000e-12
1.40e-08 1.40e-08 3.00e-09 -5.90001548e-01 1.19135138e+18 5.00006276e+16 -1.40627119e-13 -1.84045553e+01 4.00000000e+27 2.00000000e-01 5.00000000e-12
1.40e-08 1.40e-08 4.00e-09 -5.36668862e-01 5.24954069e+17 6.66675003e+16 2.47990516e-13 -1.84045553e+01 4.00000000e+27 2.00000000e-01 5.00000000e-12
1.40e-08 1.40e-08 5.00e-09 -4.83336179e-01 4.27994339e+17 8.33343736e+16 -2.54426911e-12 -1.84045553e+01 4.00000000e+27 2.00000000e-01 5.00000000e-12
1.40e-08 1.40e-08 6.00e-09 -4.30003498e-01 4.01404989e+17 1.00001248e+17 -2.84824004e-12 -1.84045553e+01 4.00000000e+27 2.00000000e-01 5.00000000e-12
1.40e-08 1.40e-08 7.00e-09 -3.76670819e-01 3.83511923e+17 1.16668122e+17 -2.08533792e-12 -1.84045553e+01 4.00000000e+27 2.00000000e-01 5.00000000e-12
1.40e-08 1.40e-08 8.00e-09 -3.23338141e-01 3.66693529e+17 1.33334998e+17 -3.10028710e-12 -1.84045553e+01 4.00000000e+27 2.00000000e-01 5.00000000e-12
1.40e-08 1.40e-08 9.00e-09 -2.70005465e-01 3.50007941e+17 1.50001873e+17 -3.33286273e-12 -1.84045553e+01 4.00000000e+27 2.00000000e-01 5.00000000e-12
1.40e-08 1.40e-08 1.00e-08 -2.16672790e-01 3.33338763e+17 1.66668749e+17 -3.24740471e-12 -1.84045553e+01 4.00000000e+27 2.00000000e-01 5.00000000e-12
1.40e-08 1.40e-08 1.10e-08 -1.63340116e-01 3.16671611e+17 1.83335624e+17 -3.64981462e-12 -1.84045553e+01 4.00000000e+27 2.00000000e-01 5.00000000e-12
1.40e-08 1.40e-08 1.20e-08 -1.10007442e-01 3.00004708e+17 2.00002499e+17 -3.97974747e-12 -1.84045553e+01 4.00000000e+27 2.00000000e-01 5.00000000e-12
1.40e-08 1.40e-08 1.30e-08 -5.66747697e-02 2.83337834e+17 2.16669374e+17 -4.36214506e-12 -1.84045553e+01 4.00000000e+27 2.00000000e-01 5.00000000e-12
1.40e-08 1.40e-08 1.40e-08 -3.34209749e-03 2.66670962e+17 2.33336248e+17 -4.92681703e-12 -1.84045553e+01 4.00000000e+27 2.00000000e-01 5.00000000e-12
1.40e-08 1.40e-08 1.50e-08 4.99905746e-02 2.50004090e+17 2.50003122e+17 -4.93817538e-12 -1.84045553e+01 4.00000000e+27 2.00000000e-01 5.00000000e-12
1.40e-08 1.40e-08 1.60e-08 1.03323247e-01 2.33337217e+17 2.66669997e+17 -4.98523138e-12 -1.84045553e+01 4.00000000e+27 2.00000000e-01 5.00000000e-12
1.40e-08 1.40e-08 1.70e-08 1.56655919e-01 2.16670343e+17 2.83336895e+17 -4.72182596e-12 -1.84045553e+01 4.00000000e+27 2.00000000e-01 5.00000000e-12
1.40e-08 1.40e-08 1.80e-08 2.09988592e-01 2.00003468e+17 3.00003985e+17 -3.87752238e-12 -1.84045553e+01 4.00000000e+27 2.00000000e-01 5.00000000e-12
1.40e-08 1.40e-08 1.90e-08 2.63321265e-01 1.83336593e+17 3.16672636e+17 -4.16094011e-12 -1.84045553e+01 4.00000000e+27 2.00000000e-01 5.00000000e-12
1.40e-08 1.40e-08 2.00e-08 3.16653939e-01 1.66669718e+17 3.33353929e+17 -3.30095119e-12 -1.84045553e+01 4.00000000e+27 2.00000000e-01 5.00000000e-12
1.40e-08 1.40e-08 2.10e-08 3.69986614e-01 1.50002842e+17 3.50137540e+17 -2.51668456e-12 -1.84045553e+01 4.00000000e+27 2.00000000e-01 5.00000000e-12
1.40e-08 1.40e-08 2.20e-08 4.23319290e-01 1.33335967e+17 3.67749113e+17 -5.35843412e-12 -1.84045553e+01 4.00000000e+27 2.00000000e-01 5.00000000e-12
1.40e-08 1.40e-08 2.30e-08 4.76651968e-01 1.16669091e+17 3.92060581e+17 -7.60468191e-13 -1.84045553e+01 4.00000000e+27 2.00000000e-01 5.00000000e-12
1.40e-08 1.40e-08 2.40e-08 5.29984647e-01 1.00002217e+17 4.70587634e+17 -2.07695438e-13 -1.84045553e+01 4.00000000e+27 2.00000000e-01 5.00000000e-12
1.40e-08 1.40e-08 2.50e-08 5.83317329e-01 8.33353419e+16 9.87827478e+17 -2.64162635e-12 -1.84045553e+01 4.00000000e+27 2.00000000e-01 5.00000000e-12
1.40e-08 1.40e-08 2.60e-08 6.36650016e-01 6.66684648e+16 5.05513417e+18 2.74931427e-11 -1.84045553e+01 4.00000000e+27 2.00000000e-01 5.00000000e-12
1.40e-08 1.40e-08 2.70e-08 6.89982733e-01 5.00015687e+16 3.78496477e+19 1.40924600e-10 -1.84045553e+01 4.00000000e+27 2.00000000e-01 5.00000000e-12
1.40e-08 1.40e-08 2.80e-08 7.43315678e-01 3.33345679e+16 3.03107871e+20 7.14453240e-10 -1.84045553e+01 4.00000000e+27 2.00000000e-01 5.00000000e-12
1.40e-08 1.40e-08 2.90e-08 7.96650451e-01 1.66671551e+16 2.44965809e+21 2.88003434e-09 -1.84045553e+01 4.00000000e+27 2.00000000e-01 5.00000000e-12
