1.40e-08 1.40e-08 1.00e-09 -4.63334253e-01 9.34259485e+19 1.19468001e+04 
 1.40e-08 1.40e-08 2.00e-09 -4.26669070e-01 2.21920070e+19 6.19464533e+04 
 1.40e-08 1.40e-08 3.00e-09 -3.90004020e-01 5.27142369e+18 2.72493641e+05 
 1.40e-08 1.40e-08 4.00e-09 -3.53339003e-01 1.25215995e+18 1.15903305e+06 
 1.40e-08 1.40e-08 5.00e-09 -3.16673993e-01 2.97434829e+17 4.89164766e+06 
 1.40e-08 1.40e-08 6.00e-09 -2.80008984e-01 7.06519035e+16 2.06063927e+07 
 1.40e-08 1.40e-08 7.00e-09 -2.43343977e-01 1.67824715e+16 8.67652692e+07 
 1.40e-08 1.40e-08 8.00e-09 -2.06678969e-01 3.98646515e+15 3.65289085e+08 
 1.40e-08 1.40e-08 9.00e-09 -1.70013961e-01 9.46934687e+14 1.53784336e+09 
 1.40e-08 1.40e-08 1.00e-08 -1.33348953e-01 2.24932432e+14 6.47414946e+09 
 1.40e-08 1.40e-08 1.10e-08 -9.66839456e-02 5.34298719e+13 2.72553419e+10 
 1.40e-08 1.40e-08 1.20e-08 -6.00189378e-02 1.26915945e+13 1.14741347e+11 
 1.40e-08 1.40e-08 1.30e-08 -2.33539301e-02 3.01472873e+12 4.83045474e+11 
 1.40e-08 1.40e-08 1.40e-08 1.33110776e-02 7.16110910e+11 2.03355540e+12 
 1.40e-08 1.40e-08 1.50e-08 4.99760854e-02 1.70103141e+11 8.56098955e+12 
 1.40e-08 1.40e-08 1.60e-08 8.66410931e-02 4.04058598e+10 3.60405921e+13 
 1.40e-08 1.40e-08 1.70e-08 1.23306101e-01 9.59790184e+09 1.51725949e+14 
 1.40e-08 1.40e-08 1.80e-08 1.59971109e-01 2.27985952e+09 6.38745436e+14 
 1.40e-08 1.40e-08 1.90e-08 1.96636116e-01 5.41551087e+08 2.68903067e+15 
 1.40e-08 1.40e-08 2.00e-08 2.33301124e-01 1.28638132e+08 1.13204503e+16 
 1.40e-08 1.40e-08 2.10e-08 2.69966132e-01 3.05560605e+07 4.76575433e+16 
 1.40e-08 1.40e-08 2.20e-08 3.06631140e-01 7.25802133e+06 2.00631723e+17 
 1.40e-08 1.40e-08 2.30e-08 3.43296149e-01 1.72393113e+06 8.44632088e+17 
 1.40e-08 1.40e-08 2.40e-08 3.79961164e-01 4.09412687e+05 3.55578617e+18 
 1.40e-08 1.40e-08 2.50e-08 4.16626200e-01 9.71824245e+04 1.49693886e+19 
 1.40e-08 1.40e-08 2.60e-08 4.53291326e-01 2.30241054e+04 6.30193652e+19 
 1.40e-08 1.40e-08 2.70e-08 4.89956832e-01 5.41218518e+03 2.65308069e+20 
 1.40e-08 1.40e-08 2.80e-08 5.26623939e-01 1.23007872e+03 1.11700249e+21 
 1.40e-08 1.40e-08 2.90e-08 5.63297783e-01 2.37151903e+02 4.70405655e+21 
 