-5.00000000e-01 -2.56347777e+00 
-4.90000000e-01 -2.56347740e+00 
-4.80000000e-01 -2.56347700e+00 
-4.70000000e-01 -2.56347656e+00 
-4.60000000e-01 -2.56347609e+00 
-4.50000000e-01 -2.56347558e+00 
-4.40000000e-01 -2.56347503e+00 
-4.30000000e-01 -2.56347443e+00 
-4.20000000e-01 -2.56347379e+00 
-4.10000000e-01 -2.56347309e+00 
-4.00000000e-01 -2.56347234e+00 
-3.90000000e-01 -2.56347152e+00 
-3.80000000e-01 -2.56347064e+00 
-3.70000000e-01 -2.56346969e+00 
-3.60000000e-01 -2.56346865e+00 
-3.50000000e-01 -2.56346754e+00 
-3.40000000e-01 -2.56346633e+00 
-3.30000000e-01 -2.56346503e+00 
-3.20000000e-01 -2.56346361e+00 
-3.10000000e-01 -2.56346209e+00 
-3.00000000e-01 -2.56346044e+00 
-2.90000000e-01 -2.56345865e+00 
-2.80000000e-01 -2.56345672e+00 
-2.70000000e-01 -2.56345463e+00 
-2.60000000e-01 -2.56345237e+00 
-2.50000000e-01 -2.56344992e+00 
-2.40000000e-01 -2.56344728e+00 
-2.30000000e-01 -2.56344442e+00 
-2.20000000e-01 -2.56344133e+00 
-2.10000000e-01 -2.56343798e+00 
-2.00000000e-01 -2.56343436e+00 
-1.90000000e-01 -2.56343045e+00 
-1.80000000e-01 -2.56342622e+00 
-1.70000000e-01 -2.56342164e+00 
-1.60000000e-01 -2.56341669e+00 
-1.50000000e-01 -2.56341134e+00 
-1.40000000e-01 -2.56340554e+00 
-1.30000000e-01 -2.56339928e+00 
-1.20000000e-01 -2.56339251e+00 
-1.10000000e-01 -2.56338518e+00 
-1.00000000e-01 -2.56337725e+00 
-9.00000000e-02 -2.56336868e+00 
-8.00000000e-02 -2.56335941e+00 
-7.00000000e-02 -2.56334938e+00 
-6.00000000e-02 -2.56333854e+00 
-5.00000000e-02 -2.56332681e+00 
-4.00000000e-02 -2.56331412e+00 
-3.00000000e-02 -2.56330040e+00 
-2.00000000e-02 -2.56328555e+00 
-1.00000000e-02 -2.56326950e+00 
0.00000000e+00 -2.56325214e+00 
1.00000000e-02 -2.56323336e+00 
2.00000000e-02 -2.56321305e+00 
3.00000000e-02 -2.56319108e+00 
4.00000000e-02 -2.56316731e+00 
5.00000000e-02 -2.56314161e+00 
6.00000000e-02 -2.56311381e+00 
7.00000000e-02 -2.56308375e+00 
8.00000000e-02 -2.56305122e+00 
9.00000000e-02 -2.56301605e+00 
1.00000000e-01 -2.56297800e+00 
1.10000000e-01 -2.56293685e+00 
1.20000000e-01 -2.56289233e+00 
1.30000000e-01 -2.56284419e+00 
1.40000000e-01 -2.56279211e+00 
1.50000000e-01 -2.56273578e+00 
1.60000000e-01 -2.56267485e+00 
1.70000000e-01 -2.56260894e+00 
1.80000000e-01 -2.56253765e+00 
1.90000000e-01 -2.56246053e+00 
2.00000000e-01 -2.56237712e+00 
2.10000000e-01 -2.56228689e+00 
2.20000000e-01 -2.56218928e+00 
2.30000000e-01 -2.56208370e+00 
2.40000000e-01 -2.56196948e+00 
2.50000000e-01 -2.56184593e+00 
2.60000000e-01 -2.56171227e+00 
2.70000000e-01 -2.56156767e+00 
2.80000000e-01 -2.56141124e+00 
2.90000000e-01 -2.56124201e+00 
3.00000000e-01 -2.56105892e+00 
3.10000000e-01 -2.56086083e+00 
3.20000000e-01 -2.56064650e+00 
3.30000000e-01 -2.56041460e+00 
3.40000000e-01 -2.56016367e+00 
3.50000000e-01 -2.55989213e+00 
3.60000000e-01 -2.55959827e+00 
3.70000000e-01 -2.55928022e+00 
3.80000000e-01 -2.55893596e+00 
3.90000000e-01 -2.55856328e+00 
4.00000000e-01 -2.55815976e+00 
4.10000000e-01 -2.55772275e+00 
4.20000000e-01 -2.55724933e+00 
4.30000000e-01 -2.55673630e+00 
4.40000000e-01 -2.55618006e+00 
4.50000000e-01 -2.55557660e+00 
4.60000000e-01 -2.55492139e+00 
4.70000000e-01 -2.55420922e+00 
4.80000000e-01 -2.55343405e+00 
4.90000000e-01 -2.55258877e+00 
5.00000000e-01 -2.55166482e+00 
5.10000000e-01 -2.55065169e+00 
