1.81145852e+22
1.79573386e+22
1.78019103e+22
1.76482720e+22
1.74963960e+22
1.73462548e+22
1.71978213e+22
1.70510687e+22
1.69059708e+22
1.67625014e+22
1.66206349e+22
1.64803461e+22
1.63416097e+22
1.62044014e+22
1.60686967e+22
1.59344716e+22
1.58017025e+22
1.56703662e+22
1.55404395e+22
1.54118999e+22
1.52847249e+22
1.51588926e+22
1.50343811e+22
1.49111691e+22
1.47892355e+22
1.46685594e+22
1.45491204e+22
1.44308982e+22
1.43138729e+22
1.41980249e+22
1.40833349e+22
1.39697839e+22
1.38573531e+22
1.37460240e+22
1.36357785e+22
1.35265987e+22
1.34184669e+22
1.33113659e+22
1.32052786e+22
1.31001881e+22
1.29960780e+22
1.28929320e+22
1.27907342e+22
1.26894688e+22
1.25891204e+22
1.24896738e+22
1.23911141e+22
1.22934266e+22
1.21965969e+22
1.21006109e+22
1.20054546e+22
1.19111145e+22
1.18175771e+22
1.17248293e+22
1.16328582e+22
1.15416511e+22
1.14511956e+22
1.13614796e+22
1.12724912e+22
1.11842186e+22
1.10966504e+22
1.10097755e+22
1.09235827e+22
1.08380615e+22
1.07532013e+22
1.06689917e+22
1.05854228e+22
1.05024847e+22
1.04201679e+22
1.03384629e+22
1.02573606e+22
1.01768521e+22
1.00969287e+22
1.00175818e+22
9.93880315e+21
9.86058474e+21
9.78291868e+21
9.70579734e+21
9.62921327e+21
9.55315924e+21
9.47762824e+21
9.40261345e+21
9.32810824e+21
9.25410620e+21
9.18060111e+21
9.10758694e+21
9.03505788e+21
8.96300827e+21
8.89143269e+21
8.82032587e+21
8.74968275e+21
8.67949844e+21
8.60976824e+21
8.54048763e+21
8.47165228e+21
8.40325802e+21
8.33530086e+21
8.26777699e+21
8.20068277e+21
8.13401471e+21
8.06776952e+21
8.00194404e+21
7.93653529e+21
7.87154046e+21
7.80695687e+21
7.74278201e+21
7.67901354e+21
7.61564923e+21
7.55268704e+21
7.49012505e+21
7.42796148e+21
7.36619472e+21
7.30482326e+21
7.24384576e+21
7.18326099e+21
7.12306786e+21
7.06326541e+21
7.00385279e+21
6.94482930e+21
6.88619434e+21
6.82794742e+21
6.77008818e+21
6.71261638e+21
6.65553186e+21
6.59883459e+21
6.54252464e+21
6.48660217e+21
6.43106745e+21
6.37592083e+21
6.32116276e+21
6.26679378e+21
6.21281451e+21
6.15922567e+21
6.10602804e+21
6.05322248e+21
6.00080993e+21
5.94879139e+21
5.89716795e+21
5.84594074e+21
5.79511095e+21
5.74467986e+21
5.69464877e+21
5.64501906e+21
5.59579212e+21
5.54696943e+21
5.49855249e+21
5.45054283e+21
5.40294205e+21
5.35575174e+21
5.30897354e+21
5.26260913e+21
5.21666019e+21
5.17112844e+21
5.12601560e+21
5.08132340e+21
5.03705361e+21
4.99320798e+21
4.94978827e+21
4.90679625e+21
4.86423368e+21
4.82210230e+21
4.78040387e+21
4.73914013e+21
4.69831279e+21
4.65792356e+21
4.61797412e+21
4.57846612e+21
4.53940119e+21
4.50078094e+21
4.46260693e+21
4.42488068e+21
4.38760370e+21
4.35077743e+21
4.31440328e+21
4.27848259e+21
4.24301667e+21
4.20800679e+21
4.17345412e+21
4.13935980e+21
4.10572492e+21
4.07255047e+21
4.03983740e+21
4.00758658e+21
3.97579880e+21
3.94447481e+21
3.91361523e+21
3.88322064e+21
3.85329152e+21
3.82382827e+21
3.79483121e+21
3.76630055e+21
3.73823643e+21
3.71063889e+21
3.68350787e+21
3.65684322e+21
3.63064468e+21
3.60491190e+21
3.57964442e+21
3.55484167e+21
3.53050299e+21
3.50662759e+21
3.48321459e+21
3.46026298e+21
3.43777165e+21
3.41573938e+21
3.39416481e+21
3.37304648e+21
3.35238282e+21
3.33217213e+21
3.31241259e+21
3.29310225e+21
3.27423905e+21
3.25582081e+21
3.23784522e+21
3.22030984e+21
3.20321211e+21
3.18654935e+21
3.17031874e+21
3.15451735e+21
3.13914211e+21
3.12418983e+21
3.10965720e+21
3.09554076e+21
3.08183695e+21
3.06854206e+21
3.05565227e+21
3.04316364e+21
3.03107207e+21
3.01937337e+21
3.00806321e+21
2.99713713e+21
2.98659056e+21
2.97641881e+21
2.96661705e+21
2.95718033e+21
2.94810361e+21
2.93938169e+21
2.93100928e+21
2.92298097e+21
2.91529123e+21
2.90793441e+21
2.90090477e+21
2.89419643e+21
2.88780343e+21
2.88171969e+21
2.87593902e+21
2.87045514e+21
2.86526166e+21
2.86035210e+21
2.85571986e+21
2.85135828e+21
2.84726058e+21
2.84341990e+21
2.83982931e+21
2.83648177e+21
2.83337016e+21
2.83048730e+21
2.82782592e+21
2.82537867e+21
2.82313814e+21
2.82109685e+21
2.81924727e+21
2.81758177e+21
2.81609269e+21
2.81477231e+21
2.81361286e+21
2.81260652e+21
2.81174541e+21
2.81102163e+21
2.81042722e+21
2.80995420e+21
2.80959456e+21
2.80934025e+21
2.80918320e+21
2.80911533e+21
2.80912851e+21
2.80921465e+21
2.80936559e+21
2.80957322e+21
2.80982939e+21
2.81012596e+21
2.81045481e+21
2.81080782e+21
2.81117688e+21
2.81155390e+21
2.81193082e+21
2.81229959e+21
2.81265220e+21
2.81298069e+21
2.81327709e+21
2.81353353e+21
2.81374214e+21
2.81389513e+21
2.81398474e+21
2.81400329e+21
2.81394314e+21
2.81379673e+21
2.81355658e+21
2.81321526e+21
2.81276543e+21
2.81219983e+21
2.81151129e+21
2.81069273e+21
2.80973715e+21
2.80863767e+21
2.80738749e+21
2.80597993e+21
2.80440841e+21
2.80266646e+21
2.80074774e+21
2.79864601e+21
2.79635518e+21
2.79386927e+21
2.79118242e+21
2.78828892e+21
2.78518320e+21
2.78185982e+21
2.77831349e+21
2.77453906e+21
2.77053154e+21
2.76628608e+21
2.76179801e+21
2.75706278e+21
2.75207605e+21
2.74683360e+21
2.74133141e+21
2.73556561e+21
2.72953251e+21
2.72322860e+21
2.71665054e+21
2.70979518e+21
2.70265953e+21
2.69524080e+21
2.68753639e+21
2.67954389e+21
2.67126105e+21
2.66268585e+21
2.65381643e+21
2.64465116e+21
2.63518857e+21
2.62542741e+21
2.61536662e+21
2.60500534e+21
2.59434292e+21
2.58337890e+21
2.57211301e+21
2.56054522e+21
2.54867568e+21
2.53650473e+21
2.52403294e+21
2.51126107e+21
2.49819010e+21
2.48482118e+21
2.47115572e+21
2.45719527e+21
2.44294163e+21
2.42839680e+21
2.41356295e+21
2.39844248e+21
2.38303798e+21
2.36735226e+21
2.35138830e+21
2.33514929e+21
2.31863863e+21
2.30185989e+21
2.28481685e+21
2.26751349e+21
2.24995395e+21
2.23214258e+21
2.21408392e+21
2.19578269e+21
2.17724379e+21
2.15847228e+21
2.13947344e+21
2.12025268e+21
2.10081561e+21
2.08116801e+21
2.06131581e+21
2.04126511e+21
2.02102217e+21
2.00059341e+21
1.97998540e+21
1.95920486e+21
1.93825866e+21
1.91715381e+21
1.89589746e+21
1.87449689e+21
1.85295953e+21
1.83129292e+21
1.80950473e+21
1.78760274e+21
1.76559486e+21
1.74348910e+21
1.72129358e+21
1.69901653e+21
1.67666627e+21
1.65425120e+21
1.63177983e+21
1.60926075e+21
1.58670261e+21
1.56411415e+21
1.54150418e+21
1.51888157e+21
1.49625523e+21
1.47363417e+21
1.45102739e+21
1.42844398e+21
1.40589305e+21
1.38338374e+21
1.36092522e+21
1.33852667e+21
1.31619732e+21
1.29394638e+21
1.27178307e+21
1.24971663e+21
1.22775627e+21
1.20591120e+21
1.18419062e+21
1.16260370e+21
1.14115959e+21
1.11986739e+21
1.09873618e+21
1.07777499e+21
1.05699280e+21
1.03639855e+21
1.01600109e+21
9.95809221e+20
9.75831681e+20
9.56077121e+20
9.36554110e+20
9.17271134e+20
8.98236584e+20
8.79458755e+20
8.60945837e+20
8.42705914e+20
8.24746955e+20
8.07076812e+20
7.89703212e+20
7.72633756e+20
7.55875909e+20
7.39437002e+20
7.23324218e+20
7.07544596e+20
6.92105023e+20
6.77012227e+20
6.62272776e+20
6.47893074e+20
6.33879353e+20
6.20237672e+20
6.06973910e+20
5.94093767e+20
5.81602756e+20
5.69506197e+20
5.57809220e+20
5.46516757e+20
5.35633537e+20
5.25164088e+20
5.15112729e+20
5.05483567e+20
4.96280498e+20
4.87507200e+20
4.79167132e+20
4.71263529e+20
4.63799404e+20
4.56777541e+20
4.50200497e+20
4.44070594e+20
4.38389923e+20
4.33160338e+20
4.28383456e+20
4.24060657e+20
4.20193077e+20
4.16781612e+20
4.13826916e+20
4.11329397e+20
4.09289220e+20
4.07706301e+20
4.06580314e+20
4.05910682e+20
4.05696583e+20
4.05936947e+20
4.06630455e+20
4.07775544e+20
4.09370401e+20
4.11412966e+20
4.13900934e+20
4.16831755e+20
4.20202633e+20
4.24010528e+20
4.28252159e+20
4.32924003e+20
4.38022296e+20
4.43543037e+20
4.49481989e+20
4.55834679e+20
4.62596402e+20
4.69762222e+20
4.77326976e+20
4.85285274e+20
4.93631504e+20
5.02359833e+20
5.11464210e+20
5.20938372e+20
5.30775841e+20
5.40969934e+20
5.51513761e+20
5.62400234e+20
5.73622064e+20
5.85171772e+20
5.97041685e+20
6.09223949e+20
6.21710525e+20
6.34493199e+20
6.47563583e+20
6.60913122e+20
6.74533096e+20
6.88414627e+20
7.02548683e+20
7.16926081e+20
7.31537498e+20
7.46373469e+20
7.61424395e+20
7.76680550e+20
7.92132087e+20
8.07769037e+20
8.23581322e+20
8.39558759e+20
8.55691062e+20
8.71967851e+20
8.88378659e+20
9.04912935e+20
9.21560051e+20
9.38309308e+20
9.55149944e+20
9.72071138e+20
9.89062015e+20
1.00611166e+21
1.02320910e+21
1.04034336e+21
1.05750341e+21
1.07467822e+21
1.09185673e+21
1.10902787e+21
1.12618059e+21
1.14330383e+21
1.16038654e+21
1.17741770e+21
1.19438630e+21
1.21128137e+21
1.22809198e+21
1.24480723e+21
1.26141629e+21
1.27790838e+21
1.29427278e+21
1.31049883e+21
1.32657597e+21
1.34249371e+21
1.35824164e+21
1.37380946e+21
1.38918696e+21
1.40436404e+21
1.41933072e+21
1.43407714e+21
1.44859355e+21
1.46287034e+21
1.47689805e+21
1.49066734e+21
1.50416903e+21
1.51739410e+21
1.53033368e+21
1.54297906e+21
1.55532172e+21
1.56735330e+21
1.57906562e+21
1.59045069e+21
1.60150072e+21
1.61220809e+21
1.62256541e+21
1.63256547e+21
1.64220129e+21
1.65146608e+21
1.66035330e+21
1.66885659e+21
1.67696986e+21
1.68468722e+21
1.69200301e+21
1.69891184e+21
1.70540853e+21
1.71148815e+21
1.71714602e+21
1.72237771e+21
1.72717905e+21
1.73154611e+21
1.73547523e+21
1.73896301e+21
1.74200630e+21
1.74460222e+21
1.74674818e+21
1.74844182e+21
1.74968109e+21
1.75046417e+21
1.75078954e+21
1.75065596e+21
1.75006244e+21
1.74900828e+21
1.74749307e+21
1.74551664e+21
1.74307914e+21
1.74018097e+21
1.73682281e+21
1.73300562e+21
1.72873065e+21
1.72399942e+21
1.71881370e+21
1.71317557e+21
1.70708737e+21
1.70055171e+21
1.69357147e+21
1.68614981e+21
1.67829015e+21
1.66999617e+21
1.66127184e+21
1.65212135e+21
1.64254919e+21
1.63256008e+21
1.62215902e+21
1.61135124e+21
1.60014222e+21
1.58853770e+21
1.57654365e+21
1.56416629e+21
1.55141206e+21
1.53828765e+21
1.52479997e+21
1.51095614e+21
1.49676352e+21
1.48222968e+21
1.46736240e+21
1.45216966e+21
1.43665966e+21
