0.00000000e+00 1.00000000e+27 1.00000000e+09 3.20435292e+09
 5.02512563e-10 9.95049505e+26 3.38093766e+09 1.07800852e+10
 1.00502513e-09 2.23600905e+26 5.75008850e+09 4.11991664e+09
 1.50753769e-09 1.67890582e+26 6.27430139e+09 3.37545290e+09
 2.01005025e-09 1.55929561e+26 6.66810415e+09 3.33174053e+09
 2.51256281e-09 1.47356997e+26 7.03419950e+09 3.32143521e+09
 3.01507538e-09 1.39832995e+26 7.38039584e+09 3.30696544e+09
 3.51758794e-09 1.33443814e+26 7.70908906e+09 3.29641477e+09
 4.02010050e-09 1.27890071e+26 8.02289636e+09 3.28782242e+09
 4.52261307e-09 1.22995477e+26 8.32374759e+09 3.28056303e+09
 5.02512563e-09 1.18637759e+26 8.61316854e+09 3.27435845e+09
 5.52763819e-09 1.14724001e+26 8.89240404e+09 3.26899168e+09
 6.03015075e-09 1.11182556e+26 9.16248499e+09 3.26430157e+09
 6.53266332e-09 1.07957143e+26 9.42427694e+09 3.26016639e+09
 7.03517588e-09 1.05002817e+26 9.67851538e+09 3.25649217e+09
 7.53768844e-09 1.02283175e+26 9.92583178e+09 3.25320518e+09
 8.04020101e-09 9.97683633e+25 1.01667733e+10 3.25024671e+09
 8.54271357e-09 9.74336266e+25 1.04018176e+10 3.24756944e+09
 9.04522613e-09 9.52582360e+25 1.06313853e+10 3.24513476e+09
 9.54773869e-09 9.32246790e+25 1.08558485e+10 3.24291087e+09
 1.00502513e-08 9.13180421e+25 1.10755386e+10 3.24087132e+09
 1.05527638e-08 8.95255324e+25 1.12907523e+10 3.23899394e+09
 1.10552764e-08 8.78361033e+25 1.15017567e+10 3.23726000e+09
 1.15577889e-08 8.62401583e+25 1.17087929e+10 3.23565354e+09
 1.20603015e-08 8.47293136e+25 1.19120798e+10 3.23416092e+09
 1.25628141e-08 8.32962075e+25 1.21118166e+10 3.23277037e+09
 1.30653266e-08 8.19343450e+25 1.23081854e+10 3.23147171e+09
 1.35678392e-08 8.06379697e+25 1.25013531e+10 3.23025606e+09
 1.40703518e-08 7.94019596e+25 1.26914733e+10 3.22911567e+09
 1.45728643e-08 7.82217391e+25 1.28786873e+10 3.22804371e+09
 1.50753769e-08 7.70932061e+25 1.30631260e+10 3.22703419e+09
 1.55778894e-08 7.60126707e+25 1.32449107e+10 3.22608175e+09
 1.60804020e-08 7.49768033e+25 1.34241539e+10 3.22518168e+09
 1.65829146e-08 7.39825901e+25 1.36009604e+10 3.22432975e+09
 1.70854271e-08 7.30272958e+25 1.37754280e+10 3.22352218e+09
 1.75879397e-08 7.21084313e+25 1.39476480e+10 3.22275557e+09
 1.80904523e-08 7.12237254e+25 1.41177059e+10 3.22202687e+09
 1.85929648e-08 7.03711015e+25 1.42856819e+10 3.22133332e+09
 1.90954774e-08 6.95486557e+25 1.44516513e+10 3.22067244e+09
 1.95979899e-08 6.87546398e+25 1.46156850e+10 3.22004195e+09
 2.01005025e-08 6.79874441e+25 1.47778499e+10 3.21943979e+09
 2.06030151e-08 6.72455846e+25 1.49382088e+10 3.21886410e+09
 2.11055276e-08 6.65276899e+25 1.50968213e+10 3.21831315e+09
 2.16080402e-08 6.58324908e+25 1.52537437e+10 3.21778538e+09
 2.21105528e-08 6.51588105e+25 1.54090293e+10 3.21727935e+09
 2.26130653e-08 6.45055561e+25 1.55627288e+10 3.21679374e+09
 2.31155779e-08 6.38717114e+25 1.57148900e+10 3.21632733e+09
 2.36180905e-08 6.32563294e+25 1.58655587e+10 3.21587900e+09
 2.41206030e-08 6.26585272e+25 1.60147782e+10 3.21544772e+09
 2.46231156e-08 6.20774797e+25 1.61625899e+10 3.21503253e+09
 2.51256281e-08 6.15124154e+25 1.63090331e+10 3.21463254e+09
 2.56281407e-08 6.09626117e+25 1.64541454e+10 3.21424693e+09
 2.61306533e-08 6.04273910e+25 1.65979628e+10 3.21387493e+09
 2.66331658e-08 5.99061174e+25 1.67405194e+10 3.21351584e+09
 2.71356784e-08 5.93981931e+25 1.68818482e+10 3.21316899e+09
 2.76381910e-08 5.89030557e+25 1.70219805e+10 3.21283377e+09
 2.81407035e-08 5.84201754e+25 1.71609464e+10 3.21250959e+09
 2.86432161e-08 5.79490530e+25 1.72987746e+10 3.21219592e+09
 2.91457286e-08 5.74892172e+25 1.74354930e+10 3.21189226e+09
 2.96482412e-08 5.70402227e+25 1.75711280e+10 3.21159813e+09
 3.01507538e-08 5.66016486e+25 1.77057051e+10 3.21131309e+09
 3.06532663e-08 5.61730967e+25 1.78392488e+10 3.21103672e+09
 3.11557789e-08 5.57541895e+25 1.79717828e+10 3.21076863e+09
 3.16582915e-08 5.53445695e+25 1.81033297e+10 3.21050845e+09
 3.21608040e-08 5.49438974e+25 1.82339114e+10 3.21025585e+09
 3.26633166e-08 5.45518510e+25 1.83635490e+10 3.21001048e+09
 3.31658291e-08 5.41681241e+25 1.84922626e+10 3.20977205e+09
 3.36683417e-08 5.37924257e+25 1.86200720e+10 3.20954026e+09
 3.41708543e-08 5.34244789e+25 1.87469960e+10 3.20931484e+09
 3.46733668e-08 5.30640198e+25 1.88730529e+10 3.20909552e+09
 3.51758794e-08 5.27107970e+25 1.89982602e+10 3.20888208e+09
 3.56783920e-08 5.23645710e+25 1.91226351e+10 3.20867426e+09
 3.61809045e-08 5.20251131e+25 1.92461939e+10 3.20847185e+09
 3.66834171e-08 5.16922049e+25 1.93689527e+10 3.20827464e+09
 3.71859296e-08 5.13656379e+25 1.94909268e+10 3.20808244e+09
 3.76884422e-08 5.10452127e+25 1.96121312e+10 3.20789505e+09
 3.81909548e-08 5.07307386e+25 1.97325804e+10 3.20771229e+09
 3.86934673e-08 5.04220332e+25 1.98522882e+10 3.20753400e+09
 3.91959799e-08 5.01189218e+25 1.99712684e+10 3.20736001e+09
 3.96984925e-08 4.98212368e+25 2.00895341e+10 3.20719017e+09
 4.02010050e-08 4.95288180e+25 2.02070981e+10 3.20702434e+09
 4.07035176e-08 4.92415114e+25 2.03239727e+10 3.20686236e+09
 4.12060302e-08 4.89591693e+25 2.04401701e+10 3.20670411e+09
 4.17085427e-08 4.86816502e+25 2.05557019e+10 3.20654947e+09
 4.22110553e-08 4.84088178e+25 2.06705794e+10 3.20639830e+09
 4.27135678e-08 4.81405413e+25 2.07848138e+10 3.20625049e+09
 4.32160804e-08 4.78766951e+25 2.08984156e+10 3.20610593e+09
 4.37185930e-08 4.76171582e+25 2.10113955e+10 3.20596452e+09
 4.42211055e-08 4.73618143e+25 2.11237634e+10 3.20582616e+09
 4.47236181e-08 4.71105515e+25 2.12355294e+10 3.20569074e+09
 4.52261307e-08 4.68632618e+25 2.13467029e+10 3.20555817e+09
 4.57286432e-08 4.66198415e+25 2.14572934e+10 3.20542836e+09
 4.62311558e-08 4.63801903e+25 2.15673100e+10 3.20530123e+09
 4.67336683e-08 4.61442119e+25 2.16767616e+10 3.20517670e+09
 4.72361809e-08 4.59118131e+25 2.17856568e+10 3.20505468e+09
 4.77386935e-08 4.56829042e+25 2.18940040e+10 3.20493510e+09
 4.82412060e-08 4.54573984e+25 2.20018114e+10 3.20481790e+09
 4.87437186e-08 4.52352121e+25 2.21090872e+10 3.20470299e+09
 4.92462312e-08 4.50162644e+25 2.22158390e+10 3.20459031e+09
 4.97487437e-08 4.48004772e+25 2.23220746e+10 3.20447980e+09
 5.02512563e-08 4.45877751e+25 2.24278014e+10 3.20437139e+09
 5.07537688e-08 4.43780851e+25 2.25330266e+10 3.20426503e+09
 5.12562814e-08 4.41713366e+25 2.26377573e+10 3.20416065e+09
 5.17587940e-08 4.39674613e+25 2.27420005e+10 3.20405821e+09
 5.22613065e-08 4.37663932e+25 2.28457630e+10 3.20395765e+09
 5.27638191e-08 4.35680682e+25 2.29490513e+10 3.20385891e+09
 5.32663317e-08 4.33724245e+25 2.30518719e+10 3.20376196e+09
 5.37688442e-08 4.31794020e+25 2.31542312e+10 3.20366673e+09
 5.42713568e-08 4.29889426e+25 2.32561353e+10 3.20357319e+09
 5.47738693e-08 4.28009900e+25 2.33575902e+10 3.20348129e+09
 5.52763819e-08 4.26154895e+25 2.34586019e+10 3.20339098e+09
 5.57788945e-08 4.24323882e+25 2.35591761e+10 3.20330224e+09
 5.62814070e-08 4.22516347e+25 2.36593186e+10 3.20321501e+09
 5.67839196e-08 4.20731791e+25 2.37590347e+10 3.20312925e+09
 5.72864322e-08 4.18969731e+25 2.38583300e+10 3.20304494e+09
 5.77889447e-08 4.17229697e+25 2.39572097e+10 3.20296203e+09
 5.82914573e-08 4.15511233e+25 2.40556791e+10 3.20288049e+09
 5.87939698e-08 4.13813897e+25 2.41537432e+10 3.20280028e+09
 5.92964824e-08 4.12137258e+25 2.42514070e+10 3.20272138e+09
 5.97989950e-08 4.10480898e+25 2.43486753e+10 3.20264375e+09
 6.03015075e-08 4.08844410e+25 2.44455530e+10 3.20256736e+09
 6.08040201e-08 4.07227401e+25 2.45420448e+10 3.20249218e+09
 6.13065327e-08 4.05629485e+25 2.46381551e+10 3.20241819e+09
 6.18090452e-08 4.04050290e+25 2.47338886e+10 3.20234535e+09
 6.23115578e-08 4.02489451e+25 2.48292497e+10 3.20227364e+09
 6.28140704e-08 4.00946616e+25 2.49242426e+10 3.20220303e+09
 6.33165829e-08 3.99421440e+25 2.50188716e+10 3.20213349e+09
 6.38190955e-08 3.97913589e+25 2.51131408e+10 3.20206501e+09
 6.43216080e-08 3.96422736e+25 2.52070545e+10 3.20199756e+09
 6.48241206e-08 3.94948564e+25 2.53006165e+10 3.20193111e+09
 6.53266332e-08 3.93490763e+25 2.53938308e+10 3.20186565e+09
 6.58291457e-08 3.92049033e+25 2.54867012e+10 3.20180115e+09
 6.63316583e-08 3.90623079e+25 2.55792316e+10 3.20173759e+09
 6.68341709e-08 3.89212615e+25 2.56714256e+10 3.20167495e+09
 6.73366834e-08 3.87817364e+25 2.57632870e+10 3.20161321e+09
 6.78391960e-08 3.86437051e+25 2.58548192e+10 3.20155235e+09
 6.83417085e-08 3.85071413e+25 2.59460259e+10 3.20149235e+09
 6.88442211e-08 3.83720192e+25 2.60369104e+10 3.20143319e+09
 6.93467337e-08 3.82383133e+25 2.61274762e+10 3.20137487e+09
 6.98492462e-08 3.81059992e+25 2.62177267e+10 3.20131735e+09
 7.03517588e-08 3.79750529e+25 2.63076650e+10 3.20126062e+09
 7.08542714e-08 3.78454508e+25 2.63972944e+10 3.20120467e+09
 7.13567839e-08 3.77171702e+25 2.64866182e+10 3.20114948e+09
 7.18592965e-08 3.75901886e+25 2.65756393e+10 3.20109503e+09
 7.23618090e-08 3.74644843e+25 2.66643609e+10 3.20104132e+09
 7.28643216e-08 3.73400359e+25 2.67527860e+10 3.20098832e+09
 7.33668342e-08 3.72168227e+25 2.68409175e+10 3.20093602e+09
 7.38693467e-08 3.70948243e+25 2.69287584e+10 3.20088440e+09
 7.43718593e-08 3.69740209e+25 2.70163115e+10 3.20083347e+09
 7.48743719e-08 3.68543930e+25 2.71035796e+10 3.20078319e+09
 7.53768844e-08 3.67359217e+25 2.71905655e+10 3.20073356e+09
 7.58793970e-08 3.66185884e+25 2.72772720e+10 3.20068456e+09
 7.63819095e-08 3.65023750e+25 2.73637016e+10 3.20063619e+09
 7.68844221e-08 3.63872638e+25 2.74498571e+10 3.20058843e+09
 7.73869347e-08 3.62732375e+25 2.75357411e+10 3.20054127e+09
 7.78894472e-08 3.61602790e+25 2.76213561e+10 3.20049469e+09
 7.83919598e-08 3.60483718e+25 2.77067046e+10 3.20044870e+09
 7.88944724e-08 3.59374997e+25 2.77917891e+10 3.20040327e+09
 7.93969849e-08 3.58276467e+25 2.78766121e+10 3.20035840e+09
 7.98994975e-08 3.57187974e+25 2.79611759e+10 3.20031407e+09
 8.04020101e-08 3.56109365e+25 2.80454829e+10 3.20027028e+09
 8.09045226e-08 3.55040491e+25 2.81295355e+10 3.20022702e+09
 8.14070352e-08 3.53981207e+25 2.82133359e+10 3.20018428e+09
 8.19095477e-08 3.52931370e+25 2.82968864e+10 3.20014204e+09
 8.24120603e-08 3.51890840e+25 2.83801892e+10 3.20010030e+09
 8.29145729e-08 3.50859480e+25 2.84632466e+10 3.20005905e+09
 8.34170854e-08 3.49837156e+25 2.85460607e+10 3.20001829e+09
 8.39195980e-08 3.48823737e+25 2.86286336e+10 3.19997800e+09
 8.44221106e-08 3.47819094e+25 2.87109673e+10 3.19993817e+09
 8.49246231e-08 3.46823100e+25 2.87930641e+10 3.19989880e+09
 8.54271357e-08 3.45835634e+25 2.88749259e+10 3.19985987e+09
 8.59296482e-08 3.44856572e+25 2.89565548e+10 3.19982139e+09
 8.64321608e-08 3.43885797e+25 2.90379527e+10 3.19978335e+09
 8.69346734e-08 3.42923192e+25 2.91191215e+10 3.19974573e+09
 8.74371859e-08 3.41968643e+25 2.92000632e+10 3.19970853e+09
 8.79396985e-08 3.41022038e+25 2.92807798e+10 3.19967174e+09
 8.84422111e-08 3.40083267e+25 2.93612730e+10 3.19963536e+09
 8.89447236e-08 3.39152223e+25 2.94415447e+10 3.19959938e+09
 8.94472362e-08 3.38228801e+25 2.95215968e+10 3.19956379e+09
 8.99497487e-08 3.37312896e+25 2.96014310e+10 3.19952858e+09
 9.04522613e-08 3.36404407e+25 2.96810491e+10 3.19949376e+09
 9.09547739e-08 3.35503235e+25 2.97604529e+10 3.19945931e+09
 9.14572864e-08 3.34609281e+25 2.98396441e+10 3.19942522e+09
 9.19597990e-08 3.33722450e+25 2.99186244e+10 3.19939150e+09
 9.24623116e-08 3.32842648e+25 2.99973954e+10 3.19935814e+09
 9.29648241e-08 3.31969781e+25 3.00759589e+10 3.19932512e+09
 9.34673367e-08 3.31103760e+25 3.01543164e+10 3.19929246e+09
 9.39698492e-08 3.30244495e+25 3.02324696e+10 3.19926013e+09
 9.44723618e-08 3.29391898e+25 3.03104200e+10 3.19922813e+09
 9.49748744e-08 3.28545884e+25 3.03881693e+10 3.19919647e+09
 9.54773869e-08 3.27706369e+25 3.04657190e+10 3.19916512e+09
 9.59798995e-08 3.26873269e+25 3.05430707e+10 3.19913410e+09
 9.64824121e-08 3.26046503e+25 3.06202257e+10 3.19910339e+09
 9.69849246e-08 3.25225991e+25 3.06971857e+10 3.19907299e+09
 9.74874372e-08 3.24411654e+25 3.07739522e+10 3.19904290e+09
 9.79899497e-08 3.23603416e+25 3.08505264e+10 3.19901311e+09
 9.84924623e-08 3.22801201e+25 3.09269100e+10 3.19898361e+09
 9.89949749e-08 3.22004934e+25 3.10031043e+10 3.19895440e+09
 9.94974874e-08 3.21214541e+25 3.10791108e+10 3.19892549e+09
 1.00000000e-07 3.20429952e+25 3.11549307e+10 3.19889685e+09
 1.00500000e-07 0.00000000e+00 3.12305655e+10 0.00000000e+00
 